T/W Target_orbit Isp Optimal_Parameters Delta_v
1.9 500000.0 310 5 61.392405063291136 0.11481012658227849 243.0379746835443 9360.576338185077
1.9 500000.0 320 5 50.0 0.139873417721519 243.0379746835443 9278.680301777333
1.9 500000.0 330 5 50.0 0.13531645569620254 243.0379746835443 9257.463096379806
1.9 500000.0 340 5 50.0 0.13303797468354434 243.0379746835443 9241.525853726522
1.9 500000.0 350 5 50.0 0.12392405063291141 233.92405063291142 9268.10425955636
1.9 500000.0 360 5 50.0 0.13075949367088607 243.0379746835443 9218.788045335054
1.9 500000.0 370 5 61.392405063291136 0.09430379746835445 211.13924050632912 9356.437537039801
1.9 500000.0 380 5 50.0 0.12848101265822787 243.0379746835443 9201.4833640061
1.1 500000.0 350 5 90.67796610169492 0.1045762711864407 321.3559322033898 9557.85094044741
1.2 500000.0 350 5 90.67796610169492 0.1076271186440678 315.2542372881356 9363.360320736687
1.3 500000.0 350 5 50.0 0.16254237288135595 284.74576271186436 9351.976777339376
1.4 500000.0 350 5 90.67796610169492 0.08932203389830509 272.54237288135596 9411.876200718307
1.5 500000.0 350 5 60.16949152542373 0.138135593220339 272.54237288135596 9208.518546965814
1.6 500000.0 350 5 50.0 0.1564406779661017 260.33898305084745 9181.364244188753
1.7 500000.0 350 5 90.67796610169492 0.07711864406779662 242.03389830508473 9435.727350601905
1.8 500000.0 350 5 50.0 0.12593220338983052 235.9322033898305 9277.879057179032
