1.4275006729842232 0.3815033626003981
2.389785600864677 1.6052622361292777
4.543437504713793 2.452479917803089
6.619819948544894 4.076986202663392
8.696122206141702 5.723009127058248
10.77266502244138 7.304482132849387
12.997617523493538 8.97605606669157
15.222760466852144 10.596527981639127
17.447913433490022 12.21431031664487
19.821491119799326 13.918159209788897
22.19510388758612 15.612594573136548
24.56896222571543 17.24113522790958
26.942610074979733 18.926157061460856
29.31643333163155 20.56411124603025
31.69036183271586 22.173824841210532
34.21270057540152 23.873489943333936
36.883570395888775 25.630682171990784
39.40604166860053 27.294785050439003
41.92859869603509 28.93587707827386
44.59962443420013 30.651231396724555
47.27071253943631 32.34985055109284
49.971930176728 33.94638520455818
52.61313821819309 35.680148203499584
55.28450697524928 37.30345911949685
57.95593809937656 38.91003487141165
60.627547415135616 40.4687958688052
63.80194669384904 42.203643894868435
66.86074536640353 44.2553984172002
69.97813903621702 45.93545675322248
72.9467897928021 47.614830468895946
76.0643646106085 49.246280760151464
79.3307946023713 50.84829237640744
82.59761410484188 52.34578528607577
85.86510887260062 53.662082010087786
89.13276352685077 54.93547585890664
92.40067331911908 56.140407672842755
95.66858311138742 57.345339486778855
99.01135465049495 58.41905240052307
101.64738856382269 59.5455381328227
102.72540728598233 59.649086960582835
105.47389434390527 60.53567031231424
108.74249300882275 61.55575463206698
112.01133830715779 62.509658984766375
115.28014958709045 63.47269160878351
118.54930955564794 64.34215945179423
121.81857157941272 65.18424248085185
125.08803771359206 65.97155588200329
128.35775898578962 66.69040724827198
131.62763334079804 67.36818139361105
134.89773732002288 67.98433970755565
138.16766270263497 68.64842144591816
141.4379197646707 69.22350253893312
144.7082533681119 69.77804502148327
147.97876556816587 70.2846640796155
151.20387497658166 70.69332976476166
154.51986650967922 71.27736358541513
157.79063384775137 71.71552060866463
161.06147772722895 72.1331390214493
164.3323471205084 72.5439112307457
167.60339511040056 72.90676001562419
170.8744686140945 73.2627625970144
174.14564417299576 73.59138036445152
177.41674319049156 73.94053674235346
180.68840351162737 74.13907664351339
183.96021691557414 74.29653932374367
187.23197929191724 74.46769441095051
190.5039712924767 74.5772336667629
193.77629497245988 74.5977722772277
197.0486951938485 74.5977722772277
200.37067723677325 74.5977722772277
203.5939038574548 74.48823302141534
206.86678884107792 74.35815515513815
210.13962279709747 74.24176969583749
213.48131501271365 74.65478283364533
216.40637174874172 74.34730265479376
217.84324877905578 73.72754374494052
221.14992537575569 73.39968666677987
224.48836956305814 72.48351707776821
227.49953616303856 72.55775577557753
230.97031526514894 72.5439112307457
234.24424631464666 72.1331390214493
237.51827941935176 71.69498199819981
240.79251663447138 71.20205534704412
244.06685590479827 70.68174388193535
247.34145031314335 70.09297038194384
250.64055568915325 69.57931494800421
252.82864535323466 68.7882796028929
255.67752375407474 68.39511191685204
258.9526794660598 67.65572194011853
262.2278862056486 66.90263955640846
265.5031694866428 66.12901856223357
268.7786823918534 65.29378173666423
272.0541442694603 64.47223731807142
275.3298867988873 63.575384661107606
278.6058589525307 62.61691617274934
281.8820097027868 61.61052425997315
285.15846661866465 60.52197790533769
287.68987799840573 59.78715206426301
297.96943127454665 55.462633527503684
300.20297327034353 54.829359704838396
