O/F	temp	isp	mw	cstar	gamma
None	None	None	None	None	None
194.1363	168.54	None	None	None	1.3927
None	None	None	None	None	None
64.90277	644.58	962.4544921352563	31.523	611.3	1.3336
48.50865	867.51	1178.6	31.369	716.0	1.3078
38.64617	1075.6	1331.9	31.216	803.1	1.2908
32.06032	1272.11	1466.8	31.064	878.7	1.2784
27.35081	1458.79	1588.0	30.914	946.1	1.268
23.81575	1636.39	1698.4	30.765	1007.1	1.2589
21.06453	1805.22	1800.0	30.616	1062.8	1.2507
18.86246	1965.38	1894.0	30.466	1114.1	1.2433
17.06004	2116.76	1981.2	30.314	1161.3	1.2367
15.55753	2259.19	2062.3	30.157	1205.0	1.2308
14.28582	2392.53	2137.6	29.994	1245.3	1.2255
13.19553	2516.73	2207.6	29.824	1282.7	1.2208
12.25041	2631.88	2272.7	29.645	1317.3	1.2167
11.42329	2738.21	2333.4	29.457	1349.5	1.213
10.69336	2836.11	2389.9	29.259	1379.4	1.2097
10.04445	2926.07	2442.7	29.052	1407.3	1.2069
9.46377	3008.64	2492.1	28.836	1433.5	1.2043
8.9411	3084.4	2538.6	28.613	1458.1	1.2021
8.46817	3153.92	2582.5	28.381	1481.3	1.2001
8.03818	3217.75	2623.9	28.144	1503.4	1.1983
7.64556	3276.41	2663.3	27.902	1524.3	1.1968
7.28563	3330.35	2700.8	27.655	1544.3	1.1954
6.95446	3380.01	2736.5	27.404	1563.5	1.1942
6.64876	3425.74	2770.8	27.151	1581.9	1.1931
6.36568	3467.87	2803.7	26.895	1599.6	1.1922
6.10281	3506.67	2835.3	26.638	1616.7	1.1913
5.85805	3542.38	2865.7	26.38	1633.2	1.1906
5.6296	3575.19	2895.1	26.12	1649.2	1.19
5.41588	3605.27	2923.4	25.86	1664.7	1.1895
5.21551	3632.74	2950.8	25.6	1679.7	1.189
5.02727	3657.7	2977.2	25.34	1694.3	1.1886
4.8501	3680.2	3002.7	25.079	1708.5	1.1884
4.68305	3700.27	3027.4	24.818	1722.3	1.1882
4.52528	3717.9	3051.1	24.557	1735.6	1.188
4.37602	3733.05	3074.0	24.295	1748.5	1.188
4.23462	3745.63	3095.9	24.033	1761.0	1.188
4.10047	3755.51	3116.8	23.769	1773.0	1.1881
3.97302	3762.52	3136.6	23.504	1784.5	1.1883
3.85179	3766.44	3155.3	23.238	1795.5	1.1886
3.73632	3766.97	3172.8	22.968	1805.9	1.189
3.62623	3763.8	3188.8	22.696	1815.6	1.1895
3.52113	3756.53	3203.2	22.42	1824.6	1.1902
3.42071	3744.76	3215.9	22.14	1832.8	1.191
3.32465	3728.08	3226.7	21.855	1840.1	1.1919
3.23267	3706.13	3235.2	21.565	1846.3	1.193
3.14453	3678.64	3241.5	21.269	1851.5	1.1942
3.05998	3645.49	3245.2	20.969	1855.4	1.1957
2.97881	3606.74	3246.4	20.665	1858.2	1.1973
2.90083	3562.65	3245.0	20.358	1859.6	1.199
2.82584	3513.63	3241.1	20.05	1859.9	1.201
2.75368	3460.2	3234.7	19.741	1858.8	1.203
2.6842	3402.95	3226.1	19.433	1856.7	1.2053
2.61723	3342.44	3215.2	19.128	1853.4	1.2076
2.55266	3279.23	3202.4	18.826	1849.0	1.2101
2.49036	3213.8	3187.6	18.528	1843.7	1.2126
2.4302	3146.61	3171.1	18.235	1837.4	1.2153
2.37208	3078.03	3152.9	17.948	1830.2	1.2181
2.3159	3008.41	3133.2	17.666	1822.2	1.2209
2.26156	2938.04	3112.1	17.391	1813.4	1.2238
2.20897	2867.17	3089.6	17.121	1803.8	1.2268
2.15805	2796.01	3065.8	16.859	1793.4	1.2299
2.10872	2724.76	3040.9	16.602	1782.3	1.2331
2.06091	2653.57	3014.8	16.352	1770.5	1.2363
2.01454	2582.57	2987.6	16.109	1758.1	1.2396
1.96956	2511.89	2959.4	15.872	1745.0	1.2429
1.92591	2441.61	2930.3	15.641	1731.3	1.2463
1.88351	2371.82	2900.2	15.417	1717.0	1.2498
1.84233	2302.61	2869.3	15.199	1702.0	1.2534
1.80231	2234.06	2837.5	14.987	1686.5	1.257
1.7634	2166.26	2805.0	14.782	1670.4	1.2607
1.72556	2099.39	2771.8	14.584	1653.7	1.2644
1.68874	2033.71	2738.1	14.394	1636.6	1.2681
1.65289	1969.66	2704.2	14.213	1619.1	1.2717
1.618	1908.03	2670.5	14.046	1601.5	1.275
1.58401	1849.96	2637.9	13.896	1584.0	1.2779
1.55089	1796.92	2607.3	13.771	1567.2	1.2802
1.5186	1750.11	2579.7	13.673	1551.6	1.2814
1.48713	1709.96	2555.6	13.604	1537.4	1.2817
1.45643	1675.96	2534.8	13.562	1524.7	1.281
1.42648	1647.11	2516.9	13.541	1513.3	1.2795
1.39726	1622.35	2501.3	13.537	1502.9	1.2775
1.36872	1600.76	2487.5	13.546	1493.4	1.275
1.34086	1581.64	2475.1	13.565	1484.5	1.2722
1.31365	1564.44	2463.8	13.592	1476.2	1.2692
1.28706	1548.78	2453.3	13.625	1468.3	1.2661
1.26108	1534.35	2443.5	13.663	1460.7	1.2629
1.23568	1520.93	2434.2	13.705	1453.4	1.2597
1.21084	1508.34	2425.4	13.75	1446.4	1.2564
1.18655	1496.45	2416.9	13.798	1439.5	1.2532
1.16279	1485.14	2408.7	13.849	1432.8	1.2499
1.13954	1474.33	2400.7	13.902	1426.1	1.2467
1.11678	1463.95	2392.8	13.956	1419.7	1.2435
1.09451	1453.94	2385.2	14.012	1413.3	1.2404
1.07269	1444.25	2377.6	14.069	1406.9	1.2373
1.05133	1434.85	2370.2	14.128	1400.7	1.2342
1.0304	1425.69	2362.8	14.187	1394.5	1.2312
1.0099	1416.75	2355.5	14.248	1388.3	1.2283
0.9898	1408.0	2348.2	14.31	1382.2	1.2254
0.97011	1399.42	2341.0	14.372	1376.2	1.2226
0.95079	1390.99	2333.7	14.435	1370.2	1.2198
0.93186	1382.69	2326.5	14.499	1364.2	1.2171
0.91329	1374.51	2319.3	14.563	1358.2	1.2144
0.89507	1366.43	2312.0	14.628	1352.2	1.2118
0.87719	1358.44	2304.8	14.694	1346.3	1.2093
0.85965	1350.77	2198.7384786207945	14.756	1340.6	1.2068
0.84244	1343.84	2192.676532990936	14.81	1335.7	1.2045
0.82554	1336.9	2186.5297083184364	14.863	1330.8	1.2023
0.80894	1329.96	2180.219365576766	14.917	1325.8	1.2001
0.79265	1323.0	2173.822374845936	14.972	1320.8	1.198
0.77665	1316.02	2167.2605617819913	15.026	1315.7	1.1959
0.76093	1309.01	2160.863199536074	15.081	1310.7	1.1938
0.74548	1301.98	2154.2124697188883	15.136	1305.6	1.1918
0.73031	1294.9	2147.307061938379	15.191	1300.4	1.1899
0.71539	1287.79	2140.5649668372125	15.246	1295.3	1.188
0.70074	1280.63	2133.566832618842	15.302	1290.1	1.1862
0.68632	1273.43	2126.400692385902	15.357	1284.8	1.1844
0.67216	1266.16	2119.23175532155	15.413	1279.5	1.1826
0.65822	1258.84	2111.970443543629	15.469	1274.2	1.1809
0.64452	1251.44	2104.539979916501	15.524	1268.8	1.1792
0.63104	1243.98	2097.0161034539224	15.58	1263.4	1.1776
0.61779	1236.44	2089.2322611931527	15.636	1257.9	1.1761
0.60474	1228.82	2081.534018838153	15.692	1252.4	1.1745
0.59191	1221.11	2073.484916187675	15.748	1246.8	1.1731
0.57927	1213.3	2065.5210990119913	15.804	1241.2	1.1716
0.56684	1205.4	2057.2957000613274	15.859	1235.5	1.1702
0.5546	1197.39	2048.9748367971833	15.915	1229.8	1.1689
0.54255	1189.27	2040.3152637700373	15.97	1223.9	1.1676
0.53069	1181.03	2031.7265323923268	16.025	1218.1	1.1664
0.51901	1172.66	2022.7984843275976	16.08	1212.1	1.1652
0.5075	1164.17	2013.86448649987	16.134	1206.1	1.164
0.49617	1155.54	2004.8344448592911	16.188	1200.1	1.1629
0.485	1146.77	1995.3743134865117	16.242	1193.9	1.1619
0.474	1137.85	1985.9081510566143	16.295	1187.7	1.1609
0.46317	1128.77	1976.2686387748902	16.348	1181.4	1.1599
0.45249	1119.53	1966.3660718428393	16.4	1175.0	1.159
0.44197	1110.11	1956.3681919189603	16.451	1168.6	1.1582
0.43159	1100.52	1946.0296563313527	16.502	1162.0	1.1574
0.42137	1090.75	1935.51760372251	16.551	1155.3	1.1566
0.41129	1080.79	1924.8225769040343	16.6	1148.6	1.156
0.40135	1070.63	1914.0429877233585	16.648	1141.8	1.1553
0.39155	1060.26	1902.7467818607204	16.695	1134.8	1.1548
0.38189	1049.68	1891.4459763034	16.741	1127.8	1.1543
0.37236	1038.88	1879.805058104976	16.785	1120.6	1.1538
0.36296	1027.86	1867.9863460052813	16.828	1113.4	1.1535
0.35369	1016.61	1855.828973854115	16.87	1106.0	1.1532
0.34455	1005.12	1843.5006162236193	16.91	1098.5	1.1529
0.33553	993.38	1830.663413913251	16.948	1090.8	1.1528
0.32662	981.39	1817.825043890128	16.985	1083.1	1.1527
0.31784	969.13	1804.5660485556882	17.019	1075.2	1.1527
0.30917	956.62	1790.8882737319673	17.052	1067.1	1.1528
0.30061	943.82	1776.9615623258583	17.083	1058.9	1.153
0.29217	930.75	1762.7880564015754	17.111	1050.6	1.1533
0.28383	917.38	1748.2022708169632	17.137	1042.1	1.1537
0.27561	903.72	1733.2067203661186	17.161	1033.4	1.1542
0.26748	889.75	1717.8040870781706	17.182	1024.5	1.1548
0.25946	875.47	1702.1648331059469	17.201	1015.5	1.1555
0.25154	860.86	1685.8793305382594	17.216	1006.2	1.1564
0.24372	845.91	1669.1977267344746	17.229	996.7	1.1574
0.236	830.61	1652.1234242800099	17.239	987.0	1.1585
0.22837	814.95	1634.4185100621505	17.246	977.0	1.1598
0.22083	798.92	1616.3305596575624	17.249	966.8	1.1612
0.21339	782.49	1597.3857979955458	17.249	956.2	1.1629
0.20604	765.66	1578.0713644862208	17.246	945.4	1.1647
0.19877	748.41	1557.919754822278	17.24	934.2	1.1668
0.19159	730.72	1537.0122869537738	17.231	922.6	1.1691
0.1845	712.56	1515.52535036273	17.218	910.7	1.1716
0.17749	693.92	1493.0716366470026	17.201	898.3	1.1744
0.17057	674.78	1469.6042884265496	17.182	885.4	1.1776
0.16372	655.11	1445.0408034872294	17.159	871.9	1.1811
0.15696	634.9	1419.5056837270902	17.133	857.9	1.185
0.15027	614.11	1392.857566015276	17.104	843.3	1.1893
0.14366	592.72	1409.6	17.072	827.9	1.1942
0.13713	570.71	1378.0	17.038	811.8	1.1995
0.13067	548.04	1304.226524914705	17.002	794.8	1.2055
0.12428	524.89	1271.8069036394827	16.969	777.0	1.212
0.11796	512.8	1252.786260765884	17.208	763.9	1.207
0.11172	499.61	1231.959952831904	17.42	750.2	1.2036
0.10554	485.11	1209.289305613163	17.601	735.9	1.2019
0.09944	469.06	1184.3584139646491	17.746	720.7	1.2018
0.0934	451.15	1156.9125390163642	17.849	704.5	1.2036
0.08742	430.99	1126.1676374493488	17.903	686.8	1.2074
None	None	None	None	None	None
None	None	None	None	None	None
None	None	None	None	None	None
None	None	None	None	None	None
None	None	None	None	None	None
None	None	None	None	None	None
None	None	None	None	None	None
0.04188	178.77	None	None	None	1.3194
None	None	None	None	None	None
None	None	None	None	None	None
None	None	None	None	None	None
None	None	None	None	None	None
None	None	None	None	None	None
None	None	None	None	None	None
None	None	None	None	None	None
None	None	None	None	None	None
